crash:
{
	mileswin64: 0000000000027971
	EXCEPTION_ACCESS_VIOLATION(write): 0000000000000080
}
cpu: "Intel(R) Core(TM) i7-9700K CPU @ 3.60GHz"
ram: 16 // GB
callstack:
{
	KERNELBASE: 00000000000FF67A
	ntdll: 00000000000A4AF2
	ntdll: 000000000008C6D6
	ntdll: 00000000000A11FF
	ntdll: 000000000006A289
	ntdll: 000000000009FE6E
	mileswin64: 0000000000027971
	mileswin64: 00000000000225A6
	mileswin64: 00000000000260DB
	mileswin64: 000000000001636A
	mileswin64: 0000000000006B5C
	mileswin64: 0000000000007395
	R5Apex: 00000000009519BA
	R5Apex: 0000000000458F06
	R5Apex: 00000000004592F7
	R5Apex: 0000000000457B87
	R5Apex: 00000000004598B2
	KERNEL32: 0000000000017BD4
	ntdll: 000000000006CED1
}
registers:
{
	rax = 0         
	rbx = 0x0000014044874710
	rcx = 0         
	rdx = 0x0000014044874710
	rsp = 0x0000002CECA5EC00
	rbp = 0x0000002CECA5ED50
	rsi = 48        
	rdi = 0x000001404EEC0100
	r8  = 0x00000141D3B58890
	r9  = 0         
	r10 = 0x00007FFB52C473D0
	r11 = 0x000001404934F010
	r12 = 1         
	r13 = 0         
	r14 = 0x00000140466D8E10
	r15 = 0x000001404EEC0100
	rip = 0x00007FFB52BD7971
	xmm0  = [ [1364.004, 0, 0, 0], [0x44AA8021, 0x00000000, 0x00000000, 0x00000000] ]
	xmm1  = [ [15.094788, 0.69393253, 0, 0], [0x41718440, 0x3F31A590, 0x00000000, 0x00000000] ]
	xmm2  = [ [1, 0, 0, 0], [0x3F800000, 0x00000000, 0x00000000, 0x00000000] ]
	xmm3  = [ [4.5535982e-21, 1.7500112, 0, 0], [0x1DAC07B3, 0x3FE0005E, 0x00000000, 0x00000000] ]
	xmm4  = [ [2.8025969e-45, 0, 0, 0], [2, 0, 0, 0] ]
	xmm5  = [ [-1.663039e+38, -1.7982867, 0, 0], [0xFEFA39EF, 0xBFE62E42, 0x00000000, 0x00000000] ]
	xmm6  = [ [1, 0, 0, 0], [0x3F800000, 0x00000000, 0x00000000, 0x00000000] ]
	xmm7  = [ [1.6666666, 0, 0, 0], [0x3FD55555, 0x00000000, 0x00000000, 0x00000000] ]
	xmm8  = [ [1, 0, 0, 0], [0x3F800000, 0x00000000, 0x00000000, 0x00000000] ]
	xmm9  = [ [0, 0, 0, 0], [0, 0, 0, 0] ]
	xmm10 = [ [0, 0, 0, 0], [0, 0, 0, 0] ]
	xmm11 = [ [0, 0, 0, 0], [0, 0, 0, 0] ]
	xmm12 = [ [0, 0, 0, 0], [0, 0, 0, 0] ]
	xmm13 = [ [0, 0, 0, 0], [0, 0, 0, 0] ]
	xmm14 = [ [0, 0, 0, 0], [0, 0, 0, 0] ]
	xmm15 = [ [0, 0, 0, 0], [0, 0, 0, 0] ]
}
build_id: 1569284646
